V 54
K 1
D 0 -508000 0 0
Y 1
U 1651000 762000 254000 0 2 3 REFDES=J?
U 1651000 508000 254000 0 2 3 DEVICE=901-10040-1
U 1651000 254000 254000 0 2 0 PKG_TYPE=901100401
U 1651000 0 254000 0 2 0 Description=RF Connector, SMA Straight PCB Jack, 50 Ohm
U 1651000 -254000 254000 0 2 0 Datasheet Link=
U 1651000 -508000 254000 0 2 0 Height=9.72
U 1651000 -762000 254000 0 2 0 Manufacturer_Name=Amphenol
U 1651000 -1016000 254000 0 2 0 Manufacturer_Part_Number=901-10040-1
U 1651000 -1270000 254000 0 2 0 Mouser Part Number=523-901-10040-1
U 1651000 -1524000 254000 0 2 0 Mouser Price/Stock=https://www.mouser.com/Search/Refine.aspx?Keyword=523-901-10040-1
U 1651000 -1778000 254000 0 2 0 Arrow Part Number=
U 1651000 -2032000 254000 0 2 0 Arrow Price/Stock=
U 0 0 254000 0 1 0 FORWARD_PCB=1
l 5 508000 254000 1524000 254000 1524000 -762000 508000 -762000 508000 254000
|GRPHSTL -1 -1 -1 1
P 1 0 -508000 508000 -508000 0 2 0
L 584200 -508000 228600 0 2 0 1 0 1
A 355600 -457200 203200 0 9 3 #=1
A 0 0 9 0 3 0 PINTYPE=BI
P 2 0 0 508000 0 0 2 0
L 584200 0 228600 0 2 0 1 0 2
A 355600 50800 203200 0 9 3 #=2
A 0 0 9 0 3 0 PINTYPE=BI
P 3 0 -254000 508000 -254000 0 2 0
L 584200 -254000 228600 0 2 0 1 0 3
A 355600 -203200 203200 0 9 3 #=3
A 0 0 9 0 3 0 PINTYPE=BI
E
